100
1601052221
747907279
118322937
1080995411
1502869399
148646276
1738545266
474239658
776242046
1411116860
1645735248
1883234118
873178930
1185772203
212935235
26942881
1560415281
1007461233
545994971
1031661715
1100170348
1691629904
1852666518
1335313469
160333401
1679102896
1172873742
2093369604
1488290426
1657175131
1409682281
941858998
257598760
1528005218
2022854409
1760468159
1676651494
1613916027
87224169
305409893
877549240
1732959417
41160363
1750728170
771247973
254095598
1777671052
184179606
1261556832
176182375
1215841321
214243532
1867812279
921024192
1549557001
2028145681
452643440
574947095
1974031637
1940933866
84638578
1236230270
735309216
342237339
616751840
610679977
2102705498
145919687
77112357
42446020
451329580
954661597
1775405437
492489943
557906119
399169762
746585541
188093523
583349369
2008142373
364275898
1799190690
74902258
84604530
572731234
1624459259
2112750211
1025374675
51922707
1939298200
818824893
136561285
1028044822
1554134110
478798624
1644796662
17330439
434020475
1790716349
94442796